0,414
0,413
0,412
0,411
0,410
0,409
0,408
0,407
0,406
0,405
0,404
24,52
24,51
24,50
0,403
0,402
0,401
0,400
0,399
0,398
0,397
0,396
0,395
0,394
0,393
0,392
0,391
0,390
0,389
31,4
31,3
31,2
31,1
31,0
0,388
0,387
0,386
0,385
0,384
0,319
0,318
0,317
0,316
30,6
30,5
30,4
30,3
30,2
30,1
30,0
29,5
29,4
29,3
29,2
29,1
29,0
28,5
28,4
28,3
28,2
28,1
28,0
0,273
0,270
27,6
27,5
27,4
27,3
27,2
27,1
27,0
26,4
26,3
26,2
26,1
26,0
0,283
0,243
25,5
25,4
25,3
25,2
0,9
25,1
25,0
24,49
24,48
24,47
24,46
24,45
24,44
24,43
24,42
24,41
24,40
24,39
24,38
24,37
24,36
24,35
3,2
3,1
3,3
10,13
10,23
10,87
10,81
10,75
10,25
10,111
10,2
10,3
11,4
11,18
11,6
11,8
11,14
11,2
11,3
9,5
9,2
9,3
8,7
8,5
8,2
8,3
12,2
12,1
12,3
20,2
20,1
20,3
19,2
